Best Solution Order: [181 175 171 168 163 162 160 155 144 148 145 141 139 136 133 131 126 129
 110 103 100  98  93  89  97  85  84  64  19  62  35  58  61  88  81  70
  75  24  22  13  16   6  10  12  15   7   5   0   3   1   2   4   8   9
  11  14  18  29  31  30  41  34  37  33  39  38  46  50  42  40  43  48
  49  54  53  45  47  51  52  55  57  60  65  66  72  83  99 109 111 107
 106 104 105  96  95  92  94  91  87  82  80  78  76  67  63  69  59  56
  44  36  26  21  28  27  32  17  20  23  25  68  73  71  74  77  90 102
 101  86  79 108 112 113 118 117 115 114 116 120 119 122 123 127 132 128
 134 142 147 135 130 121 125 124 137 138 143 140 146 151 152 149 153 156
 164 158 157 150 154 159 165 161 166 167 169 170 184 179 177 176 180 192
 187 183 174 172 173 178 185 182 186 188 190 191 189 193]
Best Cost: 10411.844088846974
Optimality Probability: 11.33%
Best Solution Order: [181 175 171 168 163 162 160 155 144 148 145 137 138 143 149 152 156 153
 141 139 136 133 131 129 126 124 125 118 121 102 101  90  73  68  71  77
  74  75  70  81  79  86 108 112 113 110 103 100  98  93  88  89  97  84
  85  64  19  62  61  58  35   7   5   0   3   1   2   4   9   8   6  10
  13  12  15  22  24  16  25  23  20  17  32  27  28  21  11  14  18  31
  29  30  37  40  34  41  43  48  49  54  53  45  47  51  52  55  57  60
  66  72  67  65  50  46  42  39  33  38  26  36  44  56  59  63  69  76
  78  80  82  83  99  96  91  87  92  94  95 105 104 106 107 109 111 114
 116 115 117 130 120 119 122 123 127 132 128 134 135 142 147 159 165 154
 150 146 140 151 158 157 161 164 167 166 169 170 184 192 179 177 176 180
 187 188 190 191 189 182 183 174 172 173 178 185 186 193]
Best Cost: 10535.451019141305
Optimality Probability: 12.65%
Best Solution Order: [189 191 190 188 187 192 184 170 169 166 161 165 159 147 142 134 120 117
 121 140 143 151 152 149 153 156 163 168 162 160 155 144 148 145 139 133
 131 136 141 137 138 118 112 113 125 124 126 129 110 103 100  98  93  88
  89  97  85  84  64  62  19   0   5   7  15  35  61  58  81  79  86  74
  75  70  24  22  12  13  25  23  20  17  16  10   6   3   1   2   4   8
   9  11  14  18  29  31  30  33  26  36  38  39  42  40  37  34  41  43
  48  49  54  53  47  45  51  52  55  57  46  50  60  66  72  83  91  94
  95  92  87  82  80  78  76  65  67  63  69  59  56  44  28  21  27  32
  68  73  71  77  90 101 108 102 105 104 106 107  96  99 109 111 114 115
 116 119 122 123 127 132 128 130 135 154 150 146 157 158 164 167 179 177
 180 176 183 186 185 182 174 172 173 178 171 175 181 193]
Best Cost: 10877.498938754952
Optimality Probability: 16.31%
Best Solution Order: [181 185 178 171 175 168 163 162 160 155 148 145 144 139 136 141 137 138
 149 143 140 146 150 135 130 134 128 117 105 104 106 107  96  95  94  91
  87  92  90 102 121 118 125 124 126 131 133 129 110  97  85  84  89  88
  93  98 100 103 113 112 108 101  86  79  81  61  58  35  62  64  19   0
   5   7  15  12  22  24  70  75  74  77  71  73  68  59  56  63  44  28
  27  32  17  20  23  25  16  13  10   6   3   1   2   4   8   9  11  14
  18  29  31  34  41  49  54  48  43  40  45  47  51  53  52  55  57  42
  37  39  33  30  26  21  36  38  46  50  60  65  66  72  67  69  76  78
  80  82  83  99 109 111 114 115 116 120 119 122 123 127 132 142 147 154
 159 165 170 184 179 177 167 169 166 164 158 161 157 151 152 153 156 176
 180 192 187 190 191 188 183 174 172 173 182 186 189 193]
Best Cost: 10451.92004233317
Optimality Probability: 11.76%
Best Solution Order: [181 175 162 160 155 144 139 136 141 137 138 118 121 130 135 134 128 120
 117 105 104 106 107  96  94  95  92 102  90  86 101 108 112 113 125 124
 126 131 133 129 110 103 100  98  93  88  89  97  85  84  64  62  61  58
  35  19   0   3   1   2   6  10   5   7  15  12  13  16  24  22  70  81
  79  75  74  77  71  73  68  59  56  32  25  23  20  17  27  44  36  28
  21  26  38  33  39  37  30  11   9   8   4  14  18  29  31  34  41  43
  40  42  46  50  51  47  45  48  49  54  53  52  55  57  60  66  72  65
  67  63  69  76  83  80  78  82  87  91  99 109 111 114 115 116 119 122
 123 127 132 142 147 154 159 165 166 169 170 184 192 180 176 177 179 167
 164 158 161 157 150 146 140 151 152 143 149 156 153 145 148 163 168 171
 178 173 172 174 183 187 188 190 191 189 186 182 185 193]
Best Cost: 10713.653555670106
Optimality Probability: 14.56%
Best Solution Order: [181 175 162 160 155 144 139 136 133 131 125 124 126 129 110 103 100  98
  88  89  93  97  85  84  64  19  62  35  58  61  15   7   5   0   1   3
   6   2   4   8   9  11  14  18  29  31  30  26  21  17  20  16  13  10
  12  22  24  25  23  32  59  56  44  27  28  36  38  33  39  37  34  41
  49  54  48  43  40  45  47  51  53  52  55  42  46  50  57  60  66  72
  65  67  63  69  76  83  80  78  82  87  91  92  95  94  96  99 109 111
 114 115 116 120 119 122 123 127 132 128 134 135 130 117 107 106 104 105
 102 101  90  73  68  71  77  74  75  86  79  70  81 108 112 113 118 121
 140 146 150 154 147 142 159 165 170 169 166 167 164 158 161 157 151 152
 156 153 149 143 138 137 141 145 148 163 168 171 178 185 182 173 172 174
 176 180 177 179 184 192 187 183 188 190 191 189 186 193]
Best Cost: 10174.885490817218
Optimality Probability: 8.80%
Best Solution Order: [181 175 171 178 185 186 182 173 172 174 156 153 149 152 151 146 140 143
 138 145 148 160 162 163 168 155 144 139 129 126 124 125 131 133 136 141
 137 121 118 112 108 113 110 103 100  98  93  88  89  97  85  84  64  19
  62  35  15  22  24  75  74  77  71  73  68  25  23  16   6  10  13  12
   7   5   0   3   1   2   4   8   9  11  14  18  29  31  30  34  41  43
  48  49  54  53  47  51  52  55  57  50  46  42  45  40  37  39  33  38
  36  26  21  28  44  27  17  20  32  59  56  63  69  67  65  60  66  72
  76  78  80  82  87  83  99  96  91  94  95  92  90  86  79  70  58  61
  81 101 102 105 104 106 107 109 111 114 115 116 117 120 119 122 123 127
 132 134 128 130 135 142 147 159 165 154 150 157 158 161 166 164 167 177
 169 170 184 179 192 187 180 176 183 188 190 191 189 193]
Best Cost: 10588.034896130366
Optimality Probability: 13.22%
Execution Time: 1769.88 seconds
Best Solution Order: [181 175 178 171 168 163 162 160 155 144 148 145 153 156 149 152 151 146
 140 143 138 137 141 139 136 133 131 129 126 124 125 118 121 117 102  95
  92  90  77  71  74  75  79  86 101 108 112 113  81  88  89  93  98 100
 103 110  97  85  84  64  19  62  35  58  61  70  24  22  13  12  15   7
   5   0   1   2   3   6  10  16  25  23  20  17  32  56  44  27  28  21
  11   9   8   4  14  18  29  31  30  33  26  36  38  39  42  47  45  40
  37  34  41  43  48  49  54  53  51  52  55  57  46  50  60  66  72  65
  67  63  69  59  68  73  76  83  80  78  82  87  91  94  96 105 104 106
 107  99 109 111 114 115 116 119 122 123 127 132 134 128 120 130 135 142
 147 154 150 157 158 164 167 169 166 161 159 165 170 184 179 177 176 174
 172 173 183 180 192 187 188 190 191 189 186 182 185 193]
Best Cost: 10361.525186203917
Optimality Probability: 10.79%
Execution Time: 2998.68 seconds
Best Solution Order: [181 175 171 168 163 162 160 155 144 139 133 131 126 129 110 103 100  98
  93  88  89  97  85  84  64  62  19   0   3   1   2   6   4   8   9  11
  14  18  29  31  30  34  41  48  49  54  53  55  57  52  51  47  45  43
  40  37  42  39  33  38  46  50  60  65  66  72  67  63  56  44  36  26
  21  28  27  17  20  23  25  16  13  24  70  22  12  10   5   7  15  35
  58  61  81  79  86  75  74  77  71  73  68  32  59  69  76  83  80  78
  82  87  90  92  91  96  94  95 105 104 106 107  99 109 111 114 115 116
 120 119 122 123 127 132 142 147 135 130 134 128 117 121 118 102 101 108
 112 113 125 124 136 141 148 145 137 138 143 140 151 152 149 153 156 174
 172 173 178 182 183 176 180 177 179 169 167 164 158 146 150 154 159 165
 161 157 166 170 184 192 187 188 190 191 189 186 185 193]
Best Cost: 10600.637537916833
Optimality Probability: 13.35%
Execution Time: 3055.99 seconds
Best Solution Order: [79  92  93  90  78  74  69  65  67  77  80  81  82  83  85  86  88  87
  89  98 101 108 109 159 160 166 174 175 176 177 173 179 184 193 192 191
 190 186 182 180 169 167 158 157 144 140 138 135 133 130 123 120 115 112
 110 104  41  42  61  70  73  95 107 150 161 164 170 171 162 103   1   0
   2   3   6  28  29  30  35  46  47  71  72  99 100 106 149 145 114 111
 102  43  36  37  40  45  76  84  94  96 105 113 116 119 143 139 137 168
 172 178 181 187 189 188 185 183 165 163 146 141 134 124 122 121 126 127
 151 148 153 155 156 154 152 147 142 136 129 118  97  91   9   8   5   4
   7  20  25  50  52  54  53  49  48  44  38  33  59  60  58  57  56  55
  51  39  31  24  19  18  17  16  12  64 128 132 131 125 117  34  22  14
  11  10  13  15  21  23  27  26  32  62  63  66  68  75]
Best Cost: 10491.58791485025
Optimality Probability: 12.19%
Execution Time: 2993.05 seconds
Best Solution Order: [20  22  25  31  53  55  62  65  63  64  68  84  99 111 115 120 121 122
 128 137 169 176 180 181 189 190 191 193 192 188 187 186 185 183 184 182
 155 154 109 107  98  87  81  80  59  57  54  58  89 105 106 113 141 144
 150 157 161 168 164 163 156 118 117 103  82  79  74  76  91 116 125 130
 143 172 177 178 179 175 166 148 145 146 149 152 153 151 147 140 139 138
 131 127  72  67  56  50  49  51 136 135 158 160 159 162 165 167 170 173
 174 171 142 132 129 126 123 119  94  70  69  26  16   1   0   2   3  23
  30  34  40  38  14  10  11   8   6   5   4   7   9  24  28  42  47  48
  46  39  43  44  45  61  71  73  75  77  86  88  93  95  97  96 100 101
 110 133 134 124 114 112 108 104 102  92  21  19  18  17  13  12  15  32
  35  37  41  52  60  66  90  85  83  78  36  29  27  33]
Best Cost: 9834.468036353759
Optimality Probability: 5.16%
Execution Time: 3045.81 seconds
Best Solution Order: [37  41  42  43  45  51  54  69  73  76  77  78  82  84  90  92  94  95
  89 109 124 133 142 160 167 171 176 183 184 185 182 180 173 165 162 159
 152  99  35  34  26  20  21  18  19  27  52  55  61 110 111 116 114 112
 101 100  72  67  64  71  81 104 153 147 156 155 154 151 149 134  60  53
  48  47  49  46  32  29  25  22  23  30  28  31  33  91 102 123 126 115
  97  96  88  79  65  80  83  85  86  87  93 144 145 157 170 169 168 166
 164 161 158 140 130 125 120 121 129 136 137 163 175 186 188 189 190 192
 193 191 187 181 172 177 179 178 174 150 148 128  44  16  10   9   8   7
  13  66  74  75  70  68  62  56  15  12  11   6   5   0   1   2   3   4
  14  17  24 119 122 127 131 135 141 146 143 139 138 132 118 117 113 108
 107 106 105 103  98  63  59  58  57  50  38  39  40  36]
Best Cost: 10244.122958457845
Optimality Probability: 9.54%
Execution Time: 30015.12 seconds
Best Solution Order: [148 149 152 157 170 173 175 176 179 177 161 162 160 137 115 113 104  93
  90  88  89  87  86  79   7   4   1   0   2   3   5   6  82  85  94  95
  91  62  58  51  48  43  20  21  18  15  14  12  11  13  33  34  37  78
  77  76  75  56  54  53  35  28  17  19  39  40  44  46  55  63  71  80
  81  97 100  99 101 103  98  84  83  69  65  66  70  73  72  68  67  64
  61  57  59  60  92 120 124 164 172 171 165 159 158 153 132 130 106 102
  50  49  36  30  26  25  27  29  32  31  24  23  22  38  41  42  45  74
  96 117 126 131 135 136 138 143 144 142 140 114 108 107 112 116 118 125
 134 141 139 133 122 110 109 111 151 154 156 186 191 193 192 190 189 187
 188 185 182 181 180 174 169 168 167 183 184 178 166 163 155 150 147 145
 129 123 121 105  52  16   8  10   9  47 119 127 128 146]
Best Cost: 9563.94350230035
Optimality Probability: 2.27%
Execution Time: 29125.94 seconds
Best Solution Order: [100  97  94  90  83  77  65  62  41  40  37  43  45  46  44  32  31  28
  29  33  47  49  50  68  67  60  59  58  23  24  26  27  30  61  69  73
  78 145 162 181 187 188 179 178 176 175 172 156 153 150 115 102 103 101
 111 114 116 123 129 139 140 168 169 190 192 193 191 189 183 171 170 167
 165 160 131 126  92  89  82  71  66  70  74  75  79  76  72  64  16  14
   9  11  12  18  19  20  22  25  51  55  93  95 108 112 117 149 151 148
 146 144 142 135 133 134 141 143 152 154 164 166 157 155 161 163 174 177
 184 185 186 182 180 173 159 158 147 125 113 106 124 128 132 136 138 137
 130 127 121  63  56   7   4   5   6  57  99 107 110 109 105 104   2   1
   0   3   8  10  13  15  17  21  54  53  52  48  39  35  36  34  38  42
  88  91 119 122 120 118  98  96  87  86  84  80  81  85]
Best Cost: 9785.033301375193
Optimality Probability: 4.63%
Execution Time: 29125.94 seconds
Best Solution Order: [33  85  86  94  96 100  88  80  69  67  72  81  87 120 136 137 159 169
 170 168 162 158 143 131 121 122 123 124 138 139 142 144 148 155 160 164
 165 166 167 172 171 180 181 182 184 190 185 186 178 177 174 154 152 157
 156 153 151 115 107  76  62  64  48  40  39  41  43  47  50  61  73  74
  82 108 109 114 112  65  63  66  68  71  70  77  79  83  84 102 104 128
 140 135 133  34  11  12   8   3   1   0   2   7   9  53  55  60  78  89
 113 117 118 126 125 127 132 145 161 163 173 179 183 176 175 188 187 189
 191 192 193 119 105  23  21  20  17  16  26  28  35  38  75  90  91  92
  93  98  99  97  95 103 106 110 111 130 141 146 147 150 149 134 129 116
 101  36  31  19  18  14  13  10   6   4   5  15  24  32  37  42  44  45
  46  52  54  56  59  58  57  51  49  30  27  22  25  29]
Best Cost: 9753.225685883808
Optimality Probability: 4.29%
Execution Time: 30625.04 seconds
Best Solution Order: [95 112 125 128 138 162 167 155 145 141 146 151 153 154 152 148 149 156
 159 160 161 158 157 150 170 173 172 182 187 188 189 190 185 184 183 181
 180 176 179 169 165  80  74  41  39  36   5   4   3  58  60  64  70  76
  93 105 113 130 164 168 177 178 174 166 134 133 127 129 131 139 142 143
 163 147 123 122 121 115 117 124 132 135 140 137 136  79  69  44  43  28
  16  14  15  13  10   8   7   0   1   2   6   9  50  51  47  31  29  23
  24  35  37  46  49  52  56  57  54  48  38  26  27  32  33  53  55  85
  99 101 108 110 111 109 107 103 100  73  42  40  34  30  17  12  11  22
  21  18  19  20  25  45  59  92 114 116 119 120 118 126 144 171 175 191
 193 192 186 106 104 102  97  96  94  90  89  81  77  75  72  68  66  65
  63  61  62  67  71  84  88  98  87  86  82  78  83  91]
Best Cost: 9644.05628564097
Optimality Probability: 3.12%
Execution Time: 30129.58 seconds
Best Solution Order: [39  26  22  23  28  30  31  32  34  35  37  38  40  41  44  45  50  57
  56  54  53  46  43   5   7   8   9  10  17  21  29  33  61  62  65  64
  58  51  48  20  16  15  11  12  14  49  52  55  78  89 101 100 118 120
 131 135 156 186 183 180 163 148  25  24  27  36 164 167 173 175 172 154
 150 149 146 138 137 140 162 168 169 170 174 184 188 189 166 134 112 110
 107  97  77  73  47  19  18  13   6   4   3   2   0   1  59  80  81  92
  95  90  84  85  83  87  86  88  96  94  76  75  71  70  68  72  74 105
 114 133 161 165 171 177 178 176 179 181 182 187 192 193 191 190 185 117
 116 102  99 103 106 108 109 111 115 122 125 124 126 128 129 130 136 147
 151 152 153 155 160 159 158 157 145 144 127  69  67  63  60  66  82  93
 119 121 123 141 142 143 139 132 113 104  98  91  79  42]
Best Cost: 10411.640012073585
Optimality Probability: 11.33%
Execution Time: 31005.61 seconds
Best Solution Order: [163 167 165 166 157 126 116 115 113 105  93  66  64  71  72  76  75  73
  70  68  67  55  53  52  50  46  25  24  22  15  16  41  78  83  85  86
  80  65  63  62  37  34  28  26  14  10   8   9  11  29  30 110 111 134
 149 151 158 150 148 123 122 120 107 101 100  98  58  56  42  36  32  31
  40  88  92 130 159 187 192 193 191 189 180 175 160 156 142 135 114 112
  99  89  82  79  45  43  38  35  33  27  23  19   5   4   3   2   1   0
   6   7  12  13  39  49  81  97 104 106 117 129 132 133 141 145 146 144
 139 131 127 128 136 137 138 143 147 152 155 154 161 162 170 171 184 182
 183 181 179 177 174 164 172 169 173 178 185 186 190 188 176 168 153 109
 108 103  96  95  91  87  74  69  60  59  47  51  61  90 119 121 124 125
 118 102  94  84  77  57  54  44  20  18  17  21  48 140]
Best Cost: 10039.391335444896
Optimality Probability: 7.35%
Execution Time: 30265.98 seconds
Best Solution Order: [148 146 143 139 141 142 165 167 168 185 186 187 190 188 176 171 138 127
 114  95  94  96 132 192 193 191 189 184 178 173 126 115 110 101 107 111
 112 113 121 125 136 140 151 153 157 147 134 131 130  71  42  39  31  38
  40  68  77  80  92 102 108 109 106 100  99  87  78  37  33  32  36  35
  34  28  30  29  24  22  20  17  19  21  23  27  54  60  62  63  65  70
  74  88  90  93 116 123 124 120 117 104  97  82  59  57  56  51  48  44
  53  55  58  69  72  73  41  25  18  13   7   4   6  43  45  61  66  67
  64  52  50  49  47  46  16  14  12  11  10   9   8   5   3   0   1   2
  15  26  85  89  91 119 122 137 164 177 179 181 183 182 180 175 154 150
 144 135 145 160 162 159 158 155 156 163 172 174 170 169 166 161 129 118
 105 103  98  86  79  75  76  81  83  84 128 133 149 152]
Best Cost: 9721.692702413824
Optimality Probability: 3.95%
Execution Time: 30562.84 seconds